image_width: 640
image_height: 480
camera_name: narrow_stereo/left
camera_matrix:
  rows: 3
  cols: 3
  data: [587.044567, 0, 325.043617, 0, 587.954484, 273.250914, 0, 0, 1]
distortion_model: plumb_bob
distortion_coefficients:
  rows: 1
  cols: 5
  data: [-0.06404, 0.307078, 0.001659, 0.004954, 0]
rectification_matrix:
  rows: 3
  cols: 3
  data: [1, 0, 0, 0, 1, 0, 0, 0, 1]
projection_matrix:
  rows: 3
  cols: 4
  data: [606.799375, 0, 326.599411, 0, 0, 605.246807, 271.746096, 0, 0, 0, 1, 0]